$$$
书剑恩仇录
陈家洛 4254 2159 2095
张召重 1526 766 760
徐天 1375 690 685
徐天宏 1375 690 685
霍青桐 1320 670 650
文泰来 1206 605 601
乾隆 1194 599 595
余鱼同 1192 587 605
骆冰 1177 583 594
周绮 1114 558 556
李沅芷 1026 505 521
陆菲青 991 505 486
周仲英 808 403 405
香香 790 401 389
皇帝 553 281 272
侍卫 493 243 250
卫春华 453 221 232
顾金标 451 226 225
心砚 449 221 228
滕一雷 411 204 207
章进 395 194 201
赵半山 395 200 195
陈正德 376 188 188
白振 318 155 163
木卓伦 310 153 157
李可秀 297 149 148
袁士霄 279 133 146
关明梅 277 140 137
王维扬 260 130 130
健雄 253 127 126
童兆和 251 126 125
孟健雄 245 123 122
兆惠 244 122 122
老爷 235 111 124
言伯乾 224 111 113
杨成协 223 112 111
那少 210 106 104
韩文冲 199 100 99
$$$
侠客行
石破天 3629 1825 1804
石清 1230 619 611
丁不 1128 567 561
丁珰 901 455 446
白万剑 880 434 446
谢烟客 680 343 337
丁不四 677 334 343
闵柔 657 330 327
阿绣 632 330 302
史婆婆 581 291 290
爷爷 571 288 283
贝海石 513 256 257
长乐帮 483 241 242
长剑 450 225 225
丁不三 435 218 217
小丐 374 188 186
张三 360 181 179
石中玉 320 163 157
李四 260 131 129
石庄主 259 130 129
林中 255 127 128
侍剑 239 123 116
石帮主 236 118 118
$$$
倚天屠龙记
张无忌 9450 4785 4665
赵敏 2562 1312 1250
谢逊 2430 1219 1211
张翠山 2302 1156 1146
周芷若 1644 819 825
殷素素 1110 560 550
杨逍 1060 546 514
张三丰 904 453 451
俞莲舟 762 385 377
小昭 731 385 346
殷梨亭 601 301 300
俞岱岩 560 269 291
周颠 548 284 264
郭襄 547 277 270
胡青牛 544 274 270
韦一笑 543 279 264
宋青书 542 272 270
范遥 522 273 249
何太冲 500 254 246
屠龙刀 474 247 227
蛛儿 474 243 231
成昆 472 246 226
纪晓芙 457 229 228
宋远桥 450 223 227
鹿杖客 420 209 211
殷天正 401 205 196
圣火令 397 224 173
陈友谅 389 196 193
朱长龄 383 191 192
杨不悔 374 194 180
常遇春 353 177 176
张松溪 340 172 168
殷离 332 169 163
张教主 328 170 158
丁敏君 323 160 163
鹤笔翁 320 161 159
崆峒 310 155 155
倚天剑 307 160 147
周姑娘 296 142 154
朱九真 283 142 141
都大锦 283 144 139
赵姑娘 278 147 131
乾坤 271 139 132
何足道 267 135 132
昆仑派 265 135 130
张真人 261 133 128
鞑子 255 132 123
方丈 239 124 115
莫声谷 234 116 118
罗汉 225 119 106
金毛狮王 218 107 111
彭莹玉 212 107 105
静玄 208 105 103
班淑娴 205 103 102
西华子 200 99 101
张五侠 193 101 92
朱元璋 185 118 67
$$$
天龙八部
段誉 6907 3535 3372
萧峰 3683 1897 1786
慕容 3560 1815 1745
虚竹 3307 1671 1636
乔峰 2374 1243 1131
阿紫 2307 1157 1150
阿朱 2092 1106 986
王语嫣 1779 920 859
少林 1703 855 848
段正淳 1537 780 757
木婉清 1485 751 734
鸠摩智 1163 600 563
南海 1009 502 507
钟灵 909 468 441
丁春秋 900 463 437
保定帝 685 344 341
阿碧 684 377 307
马夫人 624 324 300
段延庆 604 302 302
武林 556 282 274
方丈 541 277 264
段公子 535 281 254
王夫人 503 265 238
小僧 501 254 247
玄慈 479 240 239
云中鹤 468 236 232
巴天石 439 230 209
钟万仇 435 218 217
叶二娘 427 216 211
王姑娘 420 227 193
朱丹 408 213 195
朱丹臣 407 213 194
李秋水 391 203 188
皇帝 380 200 180
耶律洪基 380 189 191
赵钱孙 356 184 172
邓百川 355 180 175
老僧 352 175 177
苏星河 352 173 179
慕容氏 326 166 160
镇南王 323 164 159
徐长 319 176 143
徐长老 319 176 143
姑苏慕容 317 167 150
全冠清 316 155 161
大宋 315 168 147
慕容博 304 177 127
薛神 290 140 150
薛神医 290 140 150
群豪 287 147 140
长剑 286 142 144
黑衣 281 139 142
钟夫人 278 139 139
段氏 276 144 132
何必 267 130 137
木婉清道 266 131 135
乔帮 264 135 129
乔帮主 264 135 129
黄眉 264 134 130
秦红 263 132 131
秦红棉 261 130 131
王语嫣道 257 132 125
群雄 256 129 127
武林中 255 124 131
小姑娘 254 130 124
公冶乾 251 123 128
白世镜 249 122 127
吐蕃 246 136 110
左子穆 245 122 123
黄眉僧 243 123 120
嘿嘿 239 116 123
司空玄 238 120 118
阮星 238 118 120
阮星竹 238 118 120
乔峰道 235 120 115
谭婆 223 113 110
司马林 221 117 104
马林 221 117 104
吴长 220 116 104
崔百泉 220 111 109
段郎 219 111 108
谭公 216 109 107
那女郎 207 103 104
王爷 206 105 101
玄寂 203 107 96
刀白凤 202 101 101
白凤 202 101 101
小和尚 201 102 99
萧远山 196 104 92
朗声 191 102 89
$$$
射雕英雄传
郭靖 10097 5088 5009
黄蓉 7375 3725 3650
欧阳锋 2356 1191 1165
洪七公 2123 1082 1041
黄药师 1773 905 868
周伯通 1343 689 654
欧阳克 1235 624 611
丘处机 1231 625 606
爹爹 984 505 479
梅超风 983 503 480
裘千 897 451 446
杨康 884 445 439
柯镇恶 864 433 431
裘千仞 818 419 399
成吉思汗 740 385 355
铁木真 731 368 363
朱聪 714 358 356
完颜洪烈 701 355 346
蓉儿 690 355 335
穆念慈 651 328 323
颜康 611 306 305
拖雷 551 278 273
陆冠英 527 263 264
彭连虎 526 263 263
杨铁心 502 252 250
瑛姑 485 254 231
梁子翁 461 238 223
王爷 443 225 218
王处一 431 215 216
华筝 426 217 209
马钰 421 222 199
靖哥哥 414 215 199
韩小莹 386 198 188
老叫化 384 193 191
老顽童 368 190 178
金国 366 189 177
韩宝驹 363 183 180
侯通海 357 180 177
沙通天 345 177 168
洪七公道 336 170 166
黄老邪 316 166 150
郭靖心 299 150 149
小王 297 152 145
庄主 294 143 151
鲁有脚 289 144 145
程瑶迦 281 141 140
金兵 267 140 127
尹志平 266 135 131
全金发 254 127 127
小王爷 253 130 123
段天德 251 129 122
郭靖见 248 127 121
林中 231 114 117
南希仁 230 120 110
皇帝 229 125 104
小红马 226 115 111
灵智 226 114 112
靖儿 218 113 105
郭靖大 209 107 102
李萍 200 109 91
黄蓉心 199 99 100
$$$
白马啸西风
李文秀 892 451 441
苏普 546 276 270
阿曼 333 169 164
苏鲁克 298 151 147
陈达海 217 111 106
车尔库 201 102 99
$$$
碧血剑
袁承志 5688 2660 3028
青青 1896 965 931
何铁手 596 290 306
袁崇焕 561 57 504
阿九 544 329 215
木桑 502 257 245
皇帝 450 175 275
宛儿 447 233 214
洪胜海 427 227 200
崇祯 391 118 273
崔秋山 353 173 180
穆人清 345 174 171
爹爹 337 184 153
焦宛儿 335 138 197
闵子华 327 164 163
郎君 321 166 155
小慧 320 166 154
金蛇郎君 317 164 153
何红药 316 170 146
孙仲君 307 153 154
程青竹 302 155 147
哑巴 296 153 143
梅剑和 288 145 143
张朝唐 286 141 145
焦公礼 281 142 139
袁相公 276 138 138
皇太极 273 90 183
玉真子 271 143 128
闯王 271 156 115
袁承志心 266 120 146
沙天广 261 137 124
黄真 260 132 128
何惕守 247 141 106
李自成 240 154 86
孙仲寿 234 133 101
李岩 221 135 86
胡桂南 215 112 103
安大娘 209 107 102
崔希敏 209 109 100
长剑 205 103 102
杨鹏 194 94 100
袁承志一 177 70 107
大王 167 106 61
明朝 143 20 123
宁远 113 8 105
毛文龙 105 4 101
$$$
神雕侠侣
杨过 12245 6254 5991
小龙女 4512 2379 2133
郭靖 2911 1480 1431
黄蓉 2898 1470 1428
法王 2414 1253 1161
李莫愁 2068 1052 1016
郭芙 1723 873 850
郭襄 1632 854 778
周伯通 1128 574 554
陆无双 1128 553 575
赵志敬 976 494 482
绿萼 723 373 350
长剑 717 358 359
程英 660 352 308
霍都 655 340 315
裘千尺 649 324 325
公孙止 576 289 287
欧阳锋 563 280 283
耶律齐 556 279 277
潇湘子 518 254 264
黄药师 503 260 243
武三通 488 248 240
尼摩星 453 224 229
武修文 453 227 226
朱子柳 416 213 203
武氏兄弟 415 208 207
尹克西 401 200 201
孙婆婆 383 198 185
洪七公 377 190 187
慈恩 354 179 175
达尔巴 351 179 172
樊一翁 334 167 167
完颜萍 330 166 164
柯镇恶 307 154 153
小子 287 144 143
尹志平 276 17 259
洪凌波 275 139 136
甄志丙 272 272 0
老顽童 270 134 136
神雕侠 259 130 129
武敦儒 257 128 129
杨大哥 240 124 116
孙谷主 235 88 147
郝大通 229 119 110
郭伯伯 227 125 102
蒙古兵 213 107 106
蒙古军 212 111 101
胡子 205 104 101
群雄 202 101 101
瑛姑 194 100 94
郭伯母 185 102 83
麻光佐 142 142 0
马光佐 141 2 139
$$$
笑傲江湖
令狐 13429 6782 6647
岳不群 2378 1194 1184
盈盈 2107 1054 1053
林平之 1859 933 926
岳灵珊 1842 923 919
仪琳 1466 737 729
田伯光 1428 721 707
左冷禅 964 491 473
小师妹 769 388 381
余沧海 757 380 377
岳夫人 754 378 376
东方不败 641 321 320
桃谷六仙 617 308 309
嵩山派 604 308 296
定逸 544 273 271
刘正风 536 272 264
林震南 492 247 245
劳德诺 462 233 229
定静 386 195 191
祖千秋 382 190 192
莫大 373 187 186
木高峰 362 182 180
丹青生 358 183 175
小姐 336 169 167
岳先生 331 167 164
桃枝仙 315 160 155
莫大先生 309 156 153
师姊 298 154 144
黄钟公 289 144 145
小尼姑 261 131 130
剑尖 256 128 128
曲非烟 251 126 125
林师弟 248 124 124
少林派 246 125 121
仪清 241 121 120
大小姐 234 118 116
方丈 233 119 114
方生 225 113 112
田兄 222 111 111
群雄 222 111 111
上官云 219 110 109
朗声 212 107 105
杨莲亭 207 103 104
衡山派 206 104 102
蓝凤凰 202 99 103
秃笔翁 200 100 100
田伯光道 197 100 97
$$$
连城诀
狄云 2873 1440 1433
水笙 870 431 439
戚芳 782 392 390
丁典 729 365 364
万震山 665 333 332
万圭 582 294 288
爹爹 334 165 169
吴坎 312 157 155
戚长发 235 118 117
言达平 231 117 114
丁大哥 221 111 110
汪啸风 207 104 103
水岱 204 102 102
$$$
雪山飞狐
云奇 481 241 240
胡斐 465 235 230
宝树 452 227 225
苗若兰 436 219 217
胡一刀 416 209 207
阮士中 264 132 132
苗人凤 262 133 129
爹爹 251 126 125
青文 224 112 112
陶子安 214 107 107
刘元鹤 213 106 107
田青文 206 103 103
$$$
飞狐外传
胡斐 5654 2893 2761
程灵素 1549 784 765
袁紫衣 873 449 424
苗人凤 788 383 405
马春花 700 369 331
赵半山 587 300 287
福康安 577 290 287
凤天南 509 256 253
田归农 471 244 227
徐铮 465 248 217
商宝震 447 230 217
商老太 425 220 205
汤沛 330 168 162
马行空 317 166 151
胡斐心 312 153 159
王剑英 296 148 148
陈禹 292 147 145
马姑娘 284 144 140
周铁鹪 271 136 135
兆文 255 138 117
侍卫 231 116 115
刘鹤真 227 113 114
胡斐一 223 106 117
苗大侠 223 114 109
福大帅 216 109 107
武林 214 108 106
阎基 211 106 105
老爷 204 104 100
石万嗔 201 100 101
钟兆 195 195 0
钟兆文 135 135 0
锺兆文 110 0 110
$$$
鸳鸯刀
萧中慧 206 103 103
$$$
鹿鼎记
韦小宝 19817 9905 9912
皇上 3203 1604 1599
康熙 2659 1333 1326
皇帝 2368 1180 1188
吴三桂 1910 955 955
教主 1818 905 913
双儿 1444 707 737
阿珂 1433 718 715
侍卫 1415 709 706
太监 1310 656 654
王爷 1025 514 511
鳌拜 968 488 480
郑克 963 480 483
陈近南 947 474 473
郑克塽 941 476 465
方怡 846 423 423
茅十八 800 400 400
洪教主 762 383 379
鞑子 725 348 377
小桂子 710 355 355
白衣尼 666 333 333
施琅 599 303 296
韦香主 598 300 298
吴应熊 583 293 290
小郡主 582 293 289
沐剑屏 564 284 280
平西 562 281 281
神龙 556 278 278
平西王 526 263 263
徐天川 520 260 260
胖头陀 518 257 261
总舵 488 244 244
洪夫人 487 244 243
多隆 466 234 232
大臣 452 228 224
康熙道 443 221 222
沐王府 431 216 215
冯锡范 419 210 209
康亲王 399 201 198
苏菲亚 388 194 194
吴立身 376 188 188
刘一舟 364 182 182
钱老 354 177 177
吴之荣 349 175 174
玄贞 347 174 173
吴六奇 344 172 172
小玄子 342 171 171
小皇帝 334 164 170
罗刹国 333 168 165
瘦头陀 330 166 164
陈圆圆 328 164 164
小太监 326 163 163
刚才 324 161 163
韦大人 319 159 160
桂公公 308 155 153
众侍卫 301 151 150
陆高轩 298 149 149
高轩 298 149 149
方丈 293 147 146
罗刹兵 273 138 135
李自成 268 134 134
白寒枫 253 126 127
大官 248 126 122
张康 248 124 124
张康年 247 124 123
彦超 245 123 122
白龙 241 121 120
郑公 241 120 121
郑公子 237 118 119
葛尔丹 235 117 118
莫斯科 231 116 115
陈近南道 228 114 114
陆先生 226 112 114
王八 222 112 110
群雄 222 111 111
杨溢 220 110 110
杨溢之 220 110 110
老爷 220 111 109
钱老本 219 113 106
陶红英 215 107 108
苏荃 211 106 105
小鬼 209 104 105
大汉奸 201 101 100
伊璜 200 99 101
老皇爷 200 102 98
高彦 196 122 74
高彦超 196 122 74
胡涂 138 0 138
